3,2
3,1
3,3
10,73
10,223
10,33
10,219
10,209
10,19
10,233
10,103
11,29
11,7
11,9
11,5
9,5
8,12
8,8
8,9
8,17
8,15
8,2
8,3
64,3
64,1
55,5
55,4
55,3
55,2
55,1
55,0
54,4
54,3
54,2
54,1
54,0
53,3
53,2
53,1
53,0
52,4
52,3
52,2
52,1
52,0
51,4
51,3
51,2
51,1
51,0
50,4
50,3
50,2
50,1
50,0
49,4
49,3
49,2
49,1
49,0
48,3
48,2
48,1
48,0
47,4
47,3
47,2
47,1
47,0
26,3
26,1
20,3
20,2
20,1
19,3
19,2
2,2
2,1
2,3
19,1
18,3
18,1
14,3
14,1
13,3
13,1
12,3
12,2
12,1
11,28
11,27
11,26
11,24
11,23
11,22
11,21
11,20
11,18
11,17
11,16
11,15
11,14
11,13
11,12
11,11
11,10
